RK4
[ 4.0053725969650273e9 ]  [ -1.9680922881598487e-25 ] 1
[ 1.21085666365998e9 ]  [ -3.9345542932227233e-25 ] 2
[ 6.128613821504191e8 ]  [ -1.6521595346267104e-25 ] 3
[ 3.7016822054438317e8 ]  [ -1.0698875743458853e-25 ] 4
[ 2.4779699051801226e8 ]  [ -6.890625353747671e-26 ] 5
[ 1.7752181032517534e8 ]  [ -6.139265240834252e-26 ] 6
[ 1.3341691412786572e8 ]  [ -5.619347888011734e-26 ] 7
[ 1.0395804898831964e8 ]  [ -5.33567994537256e-26 ] 8
[ 8.327536178815621e7 ]  [ -5.180305584828857e-26 ] 9
[ 6.821395551145262e7 ]  [ -5.1591901142425026e-26 ] 10
[ 5.690267379627676e7 ]  [ -5.026396893126088e-26 ] 11
[ 4.819161909159817e7 ]  [ -4.898168502898921e-26 ] 12
[ 4.1337126907076165e7 ]  [ -4.878520616840518e-26 ] 13
[ 3.5856143917258605e7 ]  [ -4.878178748081054e-26 ] 14
[ 3.1397773942855436e7 ]  [ -4.927582282627811e-26 ] 15
[ 2.772147018961067e7 ]  [ -4.907411362336473e-26 ] 16
[ 2.4657833942080554e7 ]  [ -4.910853269314688e-26 ] 17
[ 2.207722189791844e7 ]  [ -4.782847494765843e-26 ] 18
[ 1.9880101422813896e7 ]  [ -4.682151488756915e-26 ] 19
[ 1.799978658823981e7 ]  [ -4.5811938071723423e-26 ] 20


RK2

[ 1.9353434167869246e9 ]  [ 0.0 ] 1
[ 1.2923153925526416e9 ]  [ -1.391598501046925e-25 ] 2
[ 8.771621773440994e8 ]  [ -4.3582044333459025e-26 ] 3
[ 6.150327568216659e8 ]  [ -1.7891879665608964e-26 ] 4
[ 4.4736351029178977e8 ]  [ -7.05958357466926e-26 ] 5
[ 3.366828974867823e8 ]  [ -2.2739006224891873e-26 ] 6
[ 2.610039687616403e8 ]  [ -1.4869466655463145e-26 ] 7
[ 2.075046893892015e8 ]  [ -1.8008074170314937e-26 ] 8
[ 1.6850399551141313e8 ]  [ -1.244448632056173e-26 ] 9
[ 1.3931963598011377e8 ]  [ -1.2297801900771544e-26 ] 10
[ 1.1697499696598792e8 ]  [ -1.302259832354933e-26 ] 11
[ 9.951233843595456e7 ]  [ -1.4310160048233478e-26 ] 12
[ 8.563263912100467e7 ]  [ -1.6877862541467646e-26 ] 13
[ 7.44353798815264e7 ]  [ -1.4501562130163686e-26 ] 14
[ 6.527153571188513e7 ]  [ -1.3274218317800848e-26 ] 15
[ 5.768474764147696e7 ]  [ -1.3423370123125227e-26 ] 16
[ 5.133145792029202e7 ]  [ -1.3088958436485584e-26 ] 17
[ 4.5968857313810565e7 ]  [ -1.2157711296601473e-26 ] 18
[ 4.139711173620363e7 ]  [ -1.4125991757942025e-26 ] 19
[ 3.746740855642445e7 ]  [ -1.4891694394998887e-26 ] 20

Euler

[ 7.830420493066502e9 ]  [ 0.0 ] 1
[ -2.1391767693512617e6 ]  [ 0.0 ] 2
[ -2.0639261681053024e6 ]  [ -1.853531029151936e-33 ] 3
[ -1.9925144784243621e6 ]  [ -1.5882295943689858e-33 ] 4
[ -1.924559078542334e6 ]  [ 5.2610883736369024e-33 ] 5
[ -1.8599612517121301e6 ]  [ 7.850248112185636e-33 ] 6
[ -1.7984881207124256e6 ]  [ -4.762986960616257e-34 ] 7
[ -1.7397995358654053e6 ]  [ -2.0917508015630654e-34 ] 8
[ -1.6839491327068158e6 ]  [ 2.492178229872746e-35 ] 9
[ -1.6305575965069837e6 ]  [ 2.0408146280210843e-40 ] 10
[ -1.5796242403869464e6 ]  [ 4.503367163455158e-36 ] 11
[ -1.5309503011687587e6 ]  [ 1.3918421569392735e-34 ] 12
[ -1.4844762445902312e6 ]  [ 8.231012958629337e-34 ] 13
[ -1.4398956801985065e6 ]  [ 2.7906515184594113e-34 ] 14
[ -1.3971306461367286e6 ]  [ 4.915881026856799e-33 ] 15
[ -1.3564038476854262e6 ]  [ 1.4985350195529917e-33 ] 16
[ -1.3172244708341178e6 ]  [ -8.30860481579545e-33 ] 17
[ -1.279620310700613e6 ]  [ -3.461491360002405e-33 ] 18
[ -1.243588950803421e6 ]  [ 6.0080480121276295e-33 ] 19
[ -1.2087982407699213e6 ]  [ -1.310920221629276e-33 ] 20